! # = Tile Legend
! 0 = CircleTile
! 1 = BalloonTile
! 3 = SquareTile
! 9 = TileSpikes
! 5 = TileDirt
! 8 = GrassTop
! 2 = GrassBot
! 4 = GrassLeft
! 6 = GrassRight 
                                                                                                                                                                                  
                                                                                                                                                                                                                                                                                         
                                                                                                                                                                                    
                                                                                                                                                                                                                                                                                                                                                                                                                                                                      33333333333333333333333333333333                                        
                                                                                                                                                                      88                                                                                                                                                                                                                                                          3                                                          3
                                                                                                                                                                  88                                                                                 88888888888     8888888888888888                                                                                                                                             3                                                          3
                                        888888888888                                                                                                          88              888                                                               88                                                                                                                                                                                3                                                 88888888888888    888     888     88     88     88  88   88  88     88      
                                     88855555555555588                                                                                                     88                                                                              88                                                                                                                                                                                     3                                                                                                                      
                                     55555555555555555888                                                                                              88                                                                             88                                                                                                                                                                                          3                                    1                                                                                  
                                   8855555555555555555555                                                                       88   88    88     88                                 888                                         88                                                                                                                                       0                                                       3                                                                                                                        
                                   5555555555555555555555                                                                                                                                                                   88                                                                         8   8   8   8   8   8                                                                                                      3                               88                                                                                        
888888888888889888888888    88888885555555555555555555555888888888888888888   88    88  88   88   88   888   88   888888888888888999999999999999999999988                                    88888   88   88   88    88888859999999999999999999999999999998          888888898898898898898898898898888889998999899989998999899998888888    888    888    888    888    8888888      888      888      888      888      888      8889889889889889888898898898888                                                                                               888888888999999999999999999
